T	N	tau	tau_std	N_sweeps	N_sweeps_eq	t_sample	system	calculation_method	N_resamples
2.26919	2	0.9943925524133945	0.001287156942060595	4000000	500000	1	torus	bootstrap	700
2.26919	4	0.5369942728502821	0.001730602163304904	4000000	500000	1	torus	bootstrap	700
2.26919	6	0.36669944552491834	0.0027471257660820828	4000000	500000	1	torus	bootstrap	700
2.26919	8	0.2775801313842372	0.004315824895644883	4000000	500000	1	torus	bootstrap	700
2.26919	10	0.22208392096172025	0.007553764795766249	4000000	500000	1	torus	bootstrap	700
2.26919	10	0.22966240137208316	0.004080630712279461	10000000	500000	1	torus	bootstrap	700
2.26919	15	0.17512338535550487	0.00845025415624777	10000000	500000	1	torus	bootstrap	700
2.26919	20	0.1346574516716433	0.015631125754119193	10000000	500000	1	torus	bootstrap	700
2.26919	30	0.11973963548660434	0.017990688131219356	10000000	500000	1	torus	bootstrap	700
